# Ton, L, T05, T01, T50, T50-T05, T50-T10
1	65.3	0.035775062	0.042543317	0.077351485	0.041576423	0.034808168
1	86.33	0.034566445	0.040126083	0.068165996	0.033599551	0.028039913
1	94.43	0.033599551	0.038675743	0.063089805	0.029490254	0.024414063
1	111.5	0.032874381	0.037225402	0.05704672	0.024172339	0.019821318
1	123.3	0.033357828	0.037467126	0.05559638	0.022238552	0.018129254

2	65.3	0.035775062	0.042543317	0.077109762	0.0413347	0.034566445
2	86.33	0.034566445	0.03988436	0.067924273	0.033357828	0.028039913
2	94.43	0.033599551	0.038675743	0.063089805	0.029490254	0.024414063
2	111.5	0.033841275	0.038192296	0.05777189	0.023930616	0.019579595
2	123.3	0.035775062	0.03988436	0.057530167	0.021755105	0.017645808

3	65.3	0.035533338	0.042301593	0.076868038	0.0413347	0.034566445
3	86.33	0.034808168	0.040126083	0.067440826	0.032632658	0.027314743
3	94.43	0.034808168	0.039642636	0.063814975	0.029006807	0.024172339
3	111.5	0.039159189	0.043268487	0.062364635	0.023205446	0.019096148
3	123.3	0.043026764	0.046894338	0.063331528	0.020304765	0.016437191

4	65.3	0.035775062	0.042543317	0.076868038	0.041092976	0.034324722
4	86.33	0.037708849	0.043026764	0.069374613	0.031665764	0.02634785
4	94.43	0.03988436	0.044477104	0.067924273	0.028039913	0.023447169
4	111.5	0.046652614	0.050520189	0.068891166	0.022238552	0.018370978
4	123.3	0.052212252	0.055838103	0.071066677	0.018854425	0.015228574

5	65.3	0.036500232	0.043268487	0.077593209	0.041092976	0.034324722
5	86.33	0.043993657	0.049069848	0.074450804	0.030457147	0.025380956
5	94.43	0.047136061	0.051728806	0.074209081	0.02707302	0.022480275
5	111.5	0.056079827	0.059947401	0.077351485	0.021271658	0.017404084
5	123.3	0.062848082	0.066473933	0.080735613	0.017887531	0.01426168

6	65.3	0.040851253	0.047377785	0.081219059	0.040367806	0.033841275
6	86.33	0.053179146	0.058013614	0.082185953	0.029006807	0.024172339
6	94.43	0.057288444	0.061881188	0.083152847	0.025864403	0.021271658
6	111.5	0.067924273	0.071550124	0.087745591	0.019821318	0.016195467
6	123.3	0.075175975	0.078560102	0.092096612	0.016920637	0.01353651

7	65.3	0.050278465	0.056563274	0.088470761	0.038192296	0.031907488
7	86.33	0.066715656	0.0713084	0.093305229	0.026589573	0.021996829
7	94.43	0.071550124	0.075417698	0.094997293	0.023447169	0.019579595
7	111.5	0.0826694	0.085811804	0.100798654	0.018129254	0.01498685
7	123.3	0.089921101	0.092821782	0.105149675	0.015228574	0.012327893

8	65.3	0.06768255	0.073483911	0.101523824	0.033841275	0.028039913
8	86.33	0.086536974	0.090404548	0.10974242	0.023205446	0.019337871
8	94.43	0.091129718	0.094272123	0.11119276	0.020063041	0.016920637
8	111.5	0.101523824	0.104666228	0.117477568	0.015953744	0.01281134
8	123.3	0.106841739	0.109258973	0.120619972	0.013778233	0.011360999

9	65.3	0.099831761	0.104182782	0.125212717	0.025380956	0.021029935
9	86.33	0.116994121	0.119653079	0.134398205	0.017404084	0.014745127
9	94.43	0.119653079	0.122312036	0.135123376	0.015470297	0.01281134
9	111.5	0.12690478	0.129080291	0.139232673	0.012327893	0.010152382
9	123.3	0.129080291	0.131014078	0.140199567	0.011119276	0.009185489
