 
25 0.5 0.001326634431550825 0.21110688259588273 -1.2175822177758173e-08
27 0.5 0.0012562489037517448 0.19728560000000028 -1.1374785487124597e-08
29 0.5 0.001692156499433393 0.1855263070568006 -1.0678983656225932e-08
31 0.5 0.0033861886461530647 0.17615262092134348 -1.0062550863201796e-08
 
25 1.0 0.02336397292770061 0.22785907288940743 0.38428854065573753
27 1.0 0.02934532296993817 0.21926299544696626 0.36714193817240004
29 1.0 0.03500318209731739 0.21162853109733387 0.3521185323941408
31 1.0 0.040167596879967564 0.20596707499845326 0.33913056121092766
 
25 1.5 0.06350802170345207 0.25856824037218096 0.40794083132073256
27 1.5 0.07310793752892059 0.25335433262593765 0.39371997897941957
29 1.5 0.0817416774809332 0.24919835971357798 0.38142807284864744
31 1.5 0.0896279113349796 0.24572144588242278 0.37144490768875044
 
25 2.0 0.1161075046194251 0.2990265297145316 0.43862928438065657
27 2.0 0.12889409911819052 0.29730843363619786 0.4287876709754897
29 2.0 0.1403967419029233 0.2959594516986581 0.4191432767830404
31 2.0 0.15065942437484395 0.2953144176008854 0.4118942160881402
 
25 2.5 0.18354742777607844 0.3511037595068704 0.47940452388660376
27 2.5 0.19919942568678528 0.35205879375160665 0.47135744982703925
29 2.5 0.21286271575000892 0.3535127720231853 0.4659863004710866
31 2.5 0.22488717732978067 0.35549573655156486 0.46037610374972165
 
25 3.0 0.2695062843366409 0.417195948474699 0.5300206094535538
27 3.0 0.28694635027149507 0.4208724082914734 0.5267630097265802
29 3.0 0.30185871463653347 0.42491703866378167 0.5222726822062032
31 3.0 0.31503344817596957 0.42827041282780465 0.519430956297838
 
25 3.5 0.3788354809337639 0.5017007676573843 0.595148570330706
27 3.5 0.39630653412499406 0.5067134022237293 0.5945917198972487
29 3.5 0.41115319252129784 0.5116095171976317 0.5926227907972248
31 3.5 0.4238479196407184 0.5171135179373539 0.5912913119287078
 
25 4.0 0.5174360579119961 0.6079211798415844 0.6778159125276804
27 4.0 0.5329530544229075 0.6139615193321113 0.6780816347289834
29 4.0 0.5455384539722924 0.620065737703972 0.6792713550599135
31 4.0 0.5557444750045876 0.6239935930021023 0.6794651962702178
 
25 4.5 0.6938911062025637 0.7441991067772902 0.783304014207775
27 4.5 0.7030834152149874 0.747749041395166 0.7833440479168033
29 4.5 0.71020677086826 0.7498744363843564 0.7837550410643072
31 4.5 0.7155283528788914 0.7520066757148451 0.782951688440645
 
25 4.7 0.7770137834200891 0.8074963993305984 0.832879959290103
27 4.7 0.7822201775103245 0.8095793766740114 0.8329820737085646
29 4.7 0.7858045934284754 0.8105278225976312 0.8328289274190958
31 4.7 0.7883883706995864 0.8106678320475602 0.8323571317909793
 
25 5.0 0.9158782 0.9159656538951002 0.9196420263604985
27 5.0 0.9135142999999999 0.9140253874468979 0.9184234930120005
29 5.0 0.9106 0.9114815097453226 0.916895424325968
31 5.0 0.9071389 0.9082909603362797 0.9155631038029627
