1.0 65.3 0.009103547417912694 0.017757054392594285 0.07588925245183079 0.06678570503391809 0.0581321980592365
1.0 86.33 0.007300805740543204 0.013931273457733262 0.060374085279614326 0.05307327953907112 0.046442811821881064
1.0 94.43 0.006946262850930918 0.013025376188646354 0.056086428085906886 0.04914016523497597 0.04306105189726053
1.0 111.5 0.006605579667370548 0.011772649111601086 0.049051930884726286 0.04244635121735574 0.0372792817731252
1.0 123.3 0.006602355368656082 0.011280182757069435 0.04536083123395457 0.038758475865298486 0.034080648476885134

2.0 65.3 0.009314678616550803 0.017959959835421285 0.07603689922699874 0.06672222061044794 0.05807693939157746
2.0 86.33 0.00812929576045704 0.014735230401474286 0.06100620139874019 0.05287690563828315 0.0462709709972659
2.0 94.43 0.008122445204528567 0.014169676337613873 0.05700489246049262 0.04888244725596405 0.042835216122878744
2.0 111.5 0.00865475041686073 0.013774679092527026 0.050713850477495825 0.042059100060635096 0.0369391713849688
2.0 123.3 0.009324655025730877 0.013945786978223906 0.047613376771791505 0.03828872174606063 0.0336675897935676

3.0 65.3 0.009782119550663937 0.0184091890840756 0.07636378671188251 0.06658166716121858 0.057954597627806914
3.0 86.33 0.009640687676056164 0.01620186729033668 0.06215935372309303 0.052518666047036866 0.04595748643275635
3.0 94.43 0.010160278982924736 0.01615227154409446 0.058596208399776445 0.04843592941685171 0.042443936855681985
3.0 111.5 0.011918595751920669 0.016963440309971184 0.0533608961233773 0.04144230037145663 0.036397455813406115
3.0 123.3 0.01347172294672791 0.01800648680856598 0.051044835654825094 0.037573112708097184 0.033038348846259114

4.0 65.3 0.010817025942016806 0.019403775109146537 0.07708751012305814 0.06627048418104134 0.05768373501391161
4.0 86.33 0.01239787903338363 0.018877413263934134 0.06426301829187384 0.051865139258490206 0.0453856050279397
4.0 94.43 0.01369099553862721 0.019587282678460133 0.061353295651811524 0.047662300113184314 0.04176601297335139
4.0 111.5 0.01711713100030962 0.02204238428121627 0.05757701505107046 0.04045988405076084 0.03553463076985419
4.0 123.3 0.019789239204230008 0.024192432561982696 0.05627221502104074 0.03648297581681073 0.03207978245905804

5.0 65.3 0.013108291341986683 0.02160577189415 0.07868982162198238 0.06558153027999569 0.057084049727832376
5.0 86.33 0.01742774858770607 0.023758339354908203 0.068100676617219 0.050672928029512926 0.044342337262310794
5.0 94.43 0.01980825570423425 0.02553872523952727 0.06613017868784493 0.04632192298361068 0.04059145344831766
5.0 111.5 0.02539717063283911 0.030131943236565983 0.06429229736594477 0.03889512673310566 0.03416035412937879
5.0 123.3 0.029413149982669473 0.033615912864143005 0.06423544464720496 0.034822294664535486 0.030619531783061954

6.0 65.3 0.01818111452383625 0.026480955859076394 0.08223731241741522 0.06405619789357897 0.05575635655833883
6.0 86.33 0.026603603454022906 0.032662480693028906 0.07510161281239697 0.04849800935837406 0.04243913211936806
6.0 94.43 0.030406917857752236 0.03585009459822425 0.07440652595364164 0.0439996080958894 0.03855643135541739
6.0 111.5 0.038585319417153985 0.04301670126157642 0.07498815707527634 0.036402837658122356 0.03197145581369992
6.0 123.3 0.04407392090848636 0.04797135414103343 0.07636638476776611 0.03229246385927975 0.02839503062673268

7.0 65.3 0.029412260001199314 0.037274531423646506 0.09009139756386145 0.06067913756266213 0.05281686614021494
7.0 86.33 0.04334286709066246 0.04890606469563105 0.08787323119365159 0.044530364102989134 0.03896716649802054
7.0 94.43 0.04876998177907671 0.05371539985161322 0.08874598613036389 0.039976004351287175 0.035030586278750664
7.0 111.5 0.05959092761182058 0.06353907958645186 0.0920241370322625 0.03243320942044192 0.028485057445810646
7.0 123.3 0.06640769031757182 0.06983999371435609 0.09484628740992132 0.0284385970923495 0.02500629369556523

8.0 65.3 0.05427782779489157 0.06117132676639295 0.10748021040223306 0.05320238260734149 0.04630888363584011
8.0 86.33 0.0738798526009179 0.07853879526786173 0.11117214887108284 0.03729229627016495 0.032633353603221116
8.0 94.43 0.0805855177112908 0.08466852748131723 0.11359029383716591 0.033004776125875115 0.028921766355848685
8.0 111.5 0.09304790348038383 0.09622638432991637 0.11915843207557061 0.026110528595186783 0.022932047745654244
8.0 123.3 0.10043027061311707 0.10315400946375466 0.12299800510612056 0.02256773449300349 0.0198439956423659

9.000000000000002 65.3 0.1093297780121611 0.11407843101900045 0.14597875049824044 0.036648972486079345 0.03190031947923999
9.000000000000002 86.33 0.12958764861247257 0.13259698347471002 0.15367573367412285 0.024088085061650277 0.021078750199412827
9.000000000000002 94.43 0.13570858056130547 0.1382973962004229 0.1566351238254139 0.02092654326410842 0.018337727624991
9.000000000000002 111.5 0.14633696913827982 0.14828954555217233 0.16237695953077363 0.01603999039249382 0.014087413978601304
9.000000000000002 123.3 0.15225922741679643 0.15390356073922767 0.16588346963441591 0.013624242217619487 0.01197990889518824

